1.6 0.0034446
4.7 0.0079696
7.8 0.0112743
10.9 0.0139037
14.1 0.0153845
17.2 0.0164232
20.3 0.0172350
23.4 0.0178473
26.6 0.0179803
29.7 0.0180337
32.8 0.0180644
35.9 0.0179698
39.1 0.0178518
42.2 0.0176899
45.3 0.0175042
48.4 0.0173076
51.6 0.0171014
54.7 0.0168947
57.8 0.0166907
60.9 0.0164791
64.1 0.0162630
67.2 0.0160580
70.3 0.0158472
73.4 0.0156284
76.6 0.0154072
79.7 0.0152069
82.8 0.0150062
85.9 0.0148064
89.1 0.0146277
92.2 0.0144337
95.3 0.0142426
98.4 0.0140666
101.6 0.0138863
104.7 0.0137038
107.8 0.0135278
110.9 0.0133540
114.1 0.0131844
117.2 0.0130136
120.3 0.0128253
123.4 0.0126517
126.6 0.0124768
129.7 0.0122904
132.8 0.0121282
135.9 0.0119483
139.1 0.0117855
142.2 0.0116287
145.3 0.0114590
148.4 0.0113037
151.6 0.0111452
154.7 0.0109848
157.8 0.0108389
160.9 0.0106845
164.1 0.0105335
167.2 0.0103977
170.3 0.0102465
173.4 0.0101052
176.6 0.0099807
179.7 0.0098371
182.8 0.0097035
185.9 0.0095729
189.1 0.0094502
192.2 0.0093073
195.3 0.0091823
198.4 0.0090764
201.6 0.0089490
204.7 0.0088140
207.8 0.0086910
210.9 0.0085947
214.1 0.0084761
217.2 0.0083516
220.3 0.0082272
223.4 0.0081402
226.6 0.0080295
229.7 0.0079104
232.8 0.0077943
235.9 0.0076976
239.1 0.0076093
242.2 0.0074976
245.3 0.0073878
248.4 0.0072910
251.6 0.0071949
254.7 0.0070964
257.8 0.0069930
260.9 0.0068915
264.1 0.0068032
267.2 0.0067155
270.3 0.0066249
273.4 0.0065292
276.6 0.0064352
279.7 0.0063493
282.8 0.0062695
285.9 0.0061864
289.1 0.0060977
292.2 0.0060107
295.3 0.0059265
298.4 0.0058420
301.6 0.0057775
304.7 0.0056956
307.8 0.0056147
310.9 0.0055353
314.1 0.0054571
317.2 0.0053800
320.3 0.0053045
323.4 0.0052297
326.6 0.0051562
329.7 0.0050838
332.8 0.0050129
335.9 0.0049426
339.1 0.0048734
342.2 0.0048053
345.3 0.0047382
348.4 0.0046720
351.6 0.0046067
354.7 0.0045424
357.8 0.0044793
360.9 0.0044166
364.1 0.0043550
367.2 0.0042942
370.3 0.0042345
373.4 0.0041753
376.6 0.0041170
379.7 0.0040593
382.8 0.0040023
385.9 0.0039459
389.1 0.0038901
392.2 0.0038344
395.3 0.0037788
398.4 0.0037199
