0.0 0.524605726
2.0 0.596261145
7.0 0.775399691
8.0 0.837287261
9.0 0.900722022
10.0 0.959515214
11.0 0.996905621
12.0 1.039066529
13.0 1.080453842
14.0 1.113331614
15.0 1.148143373
16.0 1.16593605
17.0 1.186436307
18.0 1.204615781
19.0 1.21776689
20.0 1.231304796
21.0 1.248323878
22.0 1.25528623
23.0 1.266503352
24.0 1.270758123
25.0 1.276173285
26.0 1.279654461
27.0 1.283135637
28.0 1.285456421
29.0 1.287390407
30.0 1.289324394
31.0 1.288164002
32.0 1.288550799
33.0 1.286616813
34.0 1.285456421
35.0 1.282362042
36.0 1.281975245
37.0 1.279267664
38.0 1.276560083
39.0 1.272692109
40.0 1.269984528
42.0 1.262248582
44.0 1.254125838
46.0 1.246389892
48.0 1.238267148
50.0 1.228984012
52.0 1.219314079
54.0 1.211191336
56.0 1.201521403
58.0 1.19185147
60.0 1.183341929
62.0 1.173671996
64.0 1.16593605
66.0 1.156652914
68.0 1.146596184
70.0 1.135765859
72.0 1.126482723
74.0 1.117973182
76.0 1.110237236
78.0 1.096312532
80.0 1.088963383
82.0 1.07929345
84.0 1.071944301
86.0 1.062274368
88.0 1.052604435
90.0 1.044094894
92.0 1.035585353
94.0 1.025141826
96.0 1.017792677
98.0 1.007735946
100.0 1
110.0 0.959128417
120.0 0.918514698
130.0 0.876353791
140.0 0.839221248
150.0 0.803249097
160.0 0.769597731
170.0 0.737493553
180.0 0.703068592
190.0 0.673285199
200.0 0.643115008
210.0 0.616039195
220.0 0.590123775
230.0 0.563821558
240.0 0.539066529
250.0 0.516632285
260.0 0.494584838
270.0 0.473697782
280.0 0.45242393
290.0 0.432697267
300.0 0.414130995
