-198.4 0.0001204
-195.3 0.0001384
-192.2 0.0001461
-189.1 0.0001504
-185.9 0.0001533
-182.8 0.0001562
-179.7 0.0001585
-176.6 0.0001616
-173.4 0.0001644
-170.3 0.0001675
-167.2 0.0001709
-164.1 0.0001752
-160.9 0.0001795
-157.8 0.0001849
-154.7 0.0001895
-151.6 0.0001960
-148.4 0.0002013
-145.3 0.0002077
-142.2 0.0002145
-139.1 0.0002206
-135.9 0.0002273
-132.8 0.0002339
-129.7 0.0002422
-126.6 0.0002502
-123.4 0.0002568
-120.3 0.0002657
-117.2 0.0002747
-114.1 0.0002846
-110.9 0.0002956
-107.8 0.0003059
-104.7 0.0003183
-101.6 0.0003327
-98.4 0.0003479
-95.3 0.0003644
-92.2 0.0003821
-89.1 0.0004047
-85.9 0.0004329
-82.8 0.0004683
-79.7 0.0005148
-76.6 0.0005821
-73.4 0.0006790
-70.3 0.0008194
-67.2 0.0010352
-64.1 0.0013673
-60.9 0.0019688
-57.8 0.0034640
-54.7 0.0075861
-51.6 0.0114562
-48.4 0.0130179
-45.3 0.0136292
-42.2 0.0139231
-39.1 0.0140910
-35.9 0.0141945
-32.8 0.0142582
-29.7 0.0142726
-26.6 0.0142547
-23.4 0.0142316
-20.3 0.0142023
-17.2 0.0141689
-14.1 0.0141366
-10.9 0.0141016
-7.8 0.0140566
-4.7 0.0140123
-1.6 0.0139764
1.6 0.0139764
4.7 0.0140123
7.8 0.0140566
10.9 0.0141016
14.1 0.0141366
17.2 0.0141689
20.3 0.0142023
23.4 0.0142316
26.6 0.0142547
29.7 0.0142726
32.8 0.0142582
35.9 0.0141945
39.1 0.0140910
42.2 0.0139231
45.3 0.0136292
48.4 0.0130179
51.6 0.0114562
54.7 0.0075861
57.8 0.0034639
60.9 0.0019687
64.1 0.0013673
67.2 0.0010351
70.3 0.0008194
73.4 0.0006790
76.6 0.0005821
79.7 0.0005148
82.8 0.0004683
85.9 0.0004329
89.1 0.0004047
92.2 0.0003821
95.3 0.0003644
98.4 0.0003479
101.6 0.0003327
104.7 0.0003183
107.8 0.0003059
110.9 0.0002956
114.1 0.0002846
117.2 0.0002747
120.3 0.0002657
123.4 0.0002567
126.6 0.0002501
129.7 0.0002422
132.8 0.0002339
135.9 0.0002273
139.1 0.0002205
142.2 0.0002145
145.3 0.0002077
148.4 0.0002012
151.6 0.0001960
154.7 0.0001895
157.8 0.0001848
160.9 0.0001795
164.1 0.0001752
167.2 0.0001708
170.3 0.0001675
173.4 0.0001643
176.6 0.0001614
179.7 0.0001583
182.8 0.0001559
185.9 0.0001529
189.1 0.0001497
192.2 0.0001448
195.3 0.0001356
198.4 0.0001115
